00100011
00001111
10011100
01001101
01101111
01111011
00111111
10001001
10011110
00010001
11100001
01001101
10100111
10110111
11010001
01011001
11001110
11100001
10101001
10001110
00011111
00010001
01001101
11011111
11010001
10110001
01011101
11111000
00110001
11001011
01011101
10001100
00110001
11001011
01011101
10001100
10001100
00110001
11001011
01011101
10001100
10001100
10001100
00110001
11001011
01011101
10001100
10001100
10001100
10001100
00110001
11001011
01011101
10001100
10001100
10001100
10001100
10001100
00110001
11001011
01011101
10001100
10001100
10001100
10001100
10001100
10001100
00110001
11001011
01011101
10001100
10001100
10001100
10001100
10001100
10001100
10001100
00110001
11001011
00011111
00010010
01001001
11011111
11010001
11100001
10101000
10111000
00010001
01011001
00010001
01011101
11001011
11100001
10101010
10001010
01001001
